8
10 1.1776501548384577
36 55 160
137 109 50
155 157 109
16 44 181
55 195 98
34 184 176
156 23 191
95 139 51
127 55 121
49 40 128
9 8.442793246826602
127 71 65
54 38 123
114 16 108
162 175 56
190 128 160
189 83 23
60 91 173
128 185 165
109 48 158
7 6.96726864834801
136 80 28
46 28 106
89 180 17
133 166 152
147 48 113
11 179 166
156 150 82
3 5.162655470343821
92 97 59
41 181 75
179 13 51
5 8.355313498645824
174 44 83
57 148 72
67 162 39
32 193 150
20 172 129
10 8.874528000759224
58 31 70
92 167 37
154 74 92
75 74 181
163 73 14
18 39 23
179 43 68
44 106 149
66 69 26
109 151 139
10 7.2447823431922895
176 164 21
199 102 69
161 155 150
145 112 185
48 178 195
196 64 96
48 160 119
83 149 85
124 125 76
149 196 163
5 4.089957220764866
134 141 90
75 186 15
175 183 85
60 94 136
36 61 78
